{
  "__filename__": {
    "RuntimeData": {
      "Extents": {},
      "SpawnType": {},
      "DetailSpawnType": {},
      "CustomExteriorsDistance": {},
      "PrefabInterfaces": [],
      "Interface": {},
      "Bindings": {
        "Properties": [],
        "Pipes": []
      },
      "Components": [
        {
          "Class": "CEntity",
          "PrefabFields": {
            "m_Name": "city_genpin_279520766595871_floor_0",
            "m_PrefabName": "city_genpin_279520766595871_floor_0",
            "m_PreservedPath": "1;",
            "m_PreservedPathNames": "city_area_279520766593044_building_8_floor_0",
            "m_PcId": "1"
          }
        },
        {
          "Class": "CEntity",
          "PrefabFields": {
            "m_Name": "city_genpin_279520766595871_roof",
            "m_PrefabName": "city_genpin_279520766595871_roof",
            "m_PreservedPath": "2;",
            "m_PreservedPathNames": "city_area_279520766593044_building_8_roof",
            "m_Translate": "0.000000 20.159988 0.000000",
            "m_PcId": "2"
          }
        },
        {
          "Class": "CEntity",
          "PrefabFields": {
            "m_Name": "city_genpin_279520766595871_floor_1",
            "m_PrefabName": "city_genpin_279520766595871_floor_1",
            "m_PreservedPath": "3;",
            "m_PreservedPathNames": "city_area_279520766593044_building_8_floor_1",
            "m_Translate": "0.000000 8.640000 0.000000",
            "m_Rotate": "-0.000000 -0.000307 -0.000000",
            "m_PcId": "3"
          }
        },
        {
          "Class": "CEntity",
          "PrefabFields": {
            "m_Name": "city_genpin_279520766595871_floor_2",
            "m_PrefabName": "city_genpin_279520766595871_floor_2",
            "m_PreservedPath": "4;",
            "m_PreservedPathNames": "city_area_279520766593044_building_8_floor_2",
            "m_Translate": "0.000000 12.480000 0.000000",
            "m_Rotate": "-0.000000 -0.000307 -0.000000",
            "m_PcId": "4"
          }
        },
        {
          "Class": "CEntity",
          "PrefabFields": {
            "m_Name": "city_genpin_279520766595871_floor_3",
            "m_PrefabName": "city_genpin_279520766595871_floor_3",
            "m_PreservedPath": "5;",
            "m_PreservedPathNames": "city_area_279520766593044_building_8_floor_3",
            "m_Translate": "0.000000 16.320000 0.000000",
            "m_Rotate": "-0.000000 -0.000307 -0.000000",
            "m_PcId": "5"
          }
        },
        {
          "Class": "CoWorldXform",
          "PrefabFields": {
            "m_RootXform": "1",
            "m_PcId": "6"
          }
        },
        {
          "Class": "CoVisibility",
          "PrefabFields": {
            "m_PcId": "7"
          }
        }
      ]
    },
    "PrefabEditorData": {
      "DataVersion": "1",
      "GeneratedByCityBuilder": "1",
      "Hooks": [],
      "Nodes": []
    }
  },
  "city_genpin_279520766595871_floor_3": {
    "RuntimeData": {
      "Extents": {},
      "SpawnType": {},
      "DetailSpawnType": {},
      "CustomExteriorsDistance": {},
      "PrefabInterfaces": [],
      "Interface": {
        "VirtualFields": [
        ]
      },
      "Bindings": {
        "Properties": [],
        "Pipes": []
      },
      "Components": [
        {
          "Class": "CoWorldXform",
          "PrefabFields": {
            "m_RootXform": "1",
            "m_PcId": "2"
          }
        },
        {
          "Class": "CoPrefabSpawner",
          "PrefabFields": {
            "m_ControlledPrefabIds": "1;6;",
            "m_PcId": "3"
          }
        },
        {
          "Class": "CoLodByDistance",
          "PrefabFields": {
            "m_PcId": "4"
          }
        },
        {
          "Class": "CoVisibility",
          "PrefabFields": {
            "m_PcId": "5"
          }
        },
        {
          "Class": "CEntity",
          "PrefabFields": {
            "m_Name": "Lod0",
            "m_PrefabName": "city_genpin_279520766595871_floor_3_lod0_flt",
            "m_Configurations": "generic_nature_color;city_roof;generic_nature_spawn;max;interior_color;house_exclusive_a;interior_style;house_exclusive_a;",
            "CityBuilder_ObjectType": "5",
            "CityBuilder_SelType": "1",
            "CityBuilder_FromId": "8",
            "CityBuilder_InnerIndex": "3",
            "CityBuilder_GeneratorType": "2",
            "m_EntityComponentsExtents": "0.000005 1.755668 -0.000000 2.894147 2.104342 0.980000",
            "m_PcId": "1"
          }
        },
        {
          "Class": "CEntity",
          "PrefabFields": {
            "m_Name": "Lod1",
            "m_PrefabName": "mesh_no_collision",
            "m_EntityComponentsExtents": "0.000005 1.755668 -0.000000 2.894147 2.104342 0.980000",
            "m_Translate": "10.966624 -16.520000 -28.764318",
            "m_Rotate": "-0.000000 -89.798256 -0.000000",
            "m_PcId": "6"
          },
          "Fields": {
            "MeshName": "city_area_279520766593044_lod1.msh",
            "SkinName": "18_5"
          }
        }
      ]
    },
    "PrefabEditorData": {
      "DataVersion": "1",
      "GeneratedByCityBuilder": "1",
      "Hooks": [],
      "Nodes": []
    }
  },
  "noprefab": {
    "RuntimeData": {
      "Extents": {},
      "SpawnType": {},
      "DetailSpawnType": {},
      "CustomExteriorsDistance": {},
      "PrefabInterfaces": [],
      "Interface": {},
      "Bindings": {
        "Properties": [],
        "Pipes": []
      },
      "Components": [
        {
          "Class": "CoWorldXform",
          "PrefabFields": {
            "m_RootXform": "1",
            "m_PcId": "1"
          }
        },
        {
          "Class": "CoMeshRender",
          "PrefabFields": {
            "m_XformComponent": "1",
            "m_PcId": "2"
          },
          "Fields": {
            "UserData": "4294902015 4294902015 0 0",
            "m_MeshName": "noprefab.msh",
            "m_SkinName": "UserColor"
          }
        },
        {
          "Class": "CoMeshLogic",
          "PrefabFields": {
            "m_XformComponent": "1",
            "m_PcId": "3"
          },
          "Fields": {
            "m_MeshName": "noprefab.msh",
            "m_SkinName": "UserColor"
          }
        }
      ]
    },
    "PrefabEditorData": {
      "DataVersion": "1",
      "NotEditable": "1",
      "DefaultDisplayName": "missing prefab!",
      "Hooks": [],
      "Nodes": []
    }
  },
  "city_genpin_279520766595871_floor_3_lod0_extdtl_flt": {
    "RuntimeData": {
      "Extents": {},
      "SpawnType": {},
      "DetailSpawnType": {},
      "CustomExteriorsDistance": {},
      "PrefabInterfaces": [],
      "Interface": {},
      "Bindings": {
        "Properties": [],
        "Pipes": []
      },
      "Components": [
        {
          "Class": "CoXformArray",
          "PrefabFields": {
            "m_RootXform": "1",
            "m_PcId": "1"
          },
          "Matrices": [
            [0.7500727772712708, -0.09268784523010254, 0.6548281908035278, -0.2786270081996918, 0.8536845445632935, 0.4399883449077606, -0.5997981429100037, -0.5124760270118713, 0.6145001649856567, -1.56317138671875, -0.14888381958007813, 0.095458984375],
            [-0.258819043636322, -1.5707965417277593e-7, 0.9659258723258972, 9.421348323712664e-8, 1.0, 1.878652540199255e-7, -0.9659258723258972, 1.396263371589157e-7, -0.258819043636322, -28.28369140625, 1.1999626159667969, -12.3070068359375],
            [0.06968778371810913, -0.12335456162691117, 0.9899128675460815, -0.32301780581474306, 0.9360722303390503, 0.13938520848751069, -0.9438236951828003, -0.3294728398323059, 0.02538709156215191, -26.8638916015625, -0.045867919921875, -17.35498046875],
            [-0.10052023828029633, 0.5761808753013611, -0.8111173510551453, 0.16484670341014863, 0.8136236071586609, 0.5575321912765503, 0.981183648109436, -0.0776667520403862, -0.17676718533039094, -18.6407470703125, 0.0200042724609375, -0.061279296875],
            [0.9935720562934876, -8.240733677666867e-7, -0.11320285499095917, 8.572700949116552e-7, 1.0, 2.4457025915580746e-7, 0.11320285499095917, -3.4004358440142826e-7, 0.9935720562934876, -26.9488525390625, 0.019962310791015626, -15.07373046875],
            [-0.258819043636322, -1.5707965417277593e-7, 0.9659258723258972, 9.421348323712664e-8, 1.0, 1.878652540199255e-7, -0.9659258723258972, 1.396263371589157e-7, -0.258819043636322, -27.62310791015625, 1.1999626159667969, -14.7720947265625],
            [1.0, -1.5707965417277593e-7, -5.2386894822120669e-8, 1.570796399619212e-7, 1.0, -1.3962635136977043e-7, 5.2386894822120669e-8, 1.396263371589157e-7, 1.0, -1.18829345703125, 0.019998550415039064, -0.4671630859375],
            [1.0, -1.5707965417277593e-7, -5.2386894822120669e-8, 1.570796399619212e-7, 1.0, -1.3962635136977043e-7, 5.2386894822120669e-8, 1.396263371589157e-7, 1.0, -17.83856201171875, 1.2000007629394532, 0.1279296875],
            [-0.2588191032409668, 0.0, 0.9659258723258972, 0.0, 1.0, 0.0, -0.9659258723258972, 0.0, -0.2588191032409668, -26.010009765625, 0.000003814697265625, -12.8795166015625],
            [8.614733815193177e-9, 1.396263371589157e-7, 1.0, 1.570796399619212e-7, 1.0, -1.3962635136977043e-7, -1.0, 1.5707965417277593e-7, 8.614733815193177e-9, -2.396484375, -0.0000019073486328125, -0.5765380859375],
            [0.258819043636322, -3.8397243429244556e-7, -0.9659258723258972, 9.937937761606008e-8, 1.0, -3.708888982600911e-7, 0.9659258723258972, 0.0, 0.258819043636322, -10.04608154296875, 0.0000400543212890625, -20.528564453125],
            [-1.0, -3.8941439584050388e-7, -8.731149137020111e-8, -3.8941436741879445e-7, 1.0, -3.894144242622133e-7, 8.731149137020111e-8, -3.8941436741879445e-7, -1.0, -6.07989501953125, 3.1200008392333986, -17.2801513671875],
            [-0.7071067094802856, -1.838879768456536e-7, 0.7071068286895752, -4.4394491283128448e-7, 1.0, -1.8388799105650833e-7, -0.7071068286895752, -4.43944884409575e-7, -0.7071067094802856, -21.12005615234375, 0.0, -7.6800537109375],
            [0.5075384378433228, 4.058217228930516e-8, 0.861629068851471, 1.570796399619212e-7, 1.0, -1.3962635136977043e-7, -0.861629068851471, 2.0621013163690805e-7, 0.5075384378433228, -16.57684326171875, 0.019998550415039064, -0.7864990234375],
            [-0.258819043636322, 8.726643585532656e-8, 0.9659258723258972, 3.934751191536634e-7, 1.0, 1.5086477844761249e-8, -0.9659258723258972, 3.8397243429244556e-7, -0.258819043636322, -25.45196533203125, 0.0023059844970703127, -23.77099609375],
            [-0.258819043636322, -1.5707965417277593e-7, 0.9659258723258972, 9.421348323712664e-8, 1.0, 1.878652540199255e-7, -0.9659258723258972, 1.396263371589157e-7, -0.258819043636322, -26.7447509765625, 1.199960708618164, -18.050048828125],
            [0.9762960076332092, 1.0342945699903794e-7, 0.21643973886966706, 1.7039580413324985e-8, 1.0, -5.547278192352678e-7, -0.21643973886966706, 5.452665163829806e-7, 0.9762960076332092, -22.2294921875, -0.0020694732666015627, -2.6771240234375],
            [-0.258819043636322, -1.5707965417277593e-7, 0.9659258723258972, 9.421348323712664e-8, 1.0, 1.878652540199255e-7, -0.9659258723258972, 1.396263371589157e-7, -0.258819043636322, -28.31365966796875, 1.2232723236083985, -12.31494140625],
            [-0.258819043636322, 8.726643585532656e-8, 0.9659258723258972, 3.934751191536634e-7, 1.0, 1.5086477844761249e-8, -0.9659258723258972, 3.8397243429244556e-7, -0.258819043636322, -25.061279296875, 0.006603240966796875, -25.2596435546875],
            [1.0, -1.5707965417277593e-7, -5.2386894822120669e-8, 1.570796399619212e-7, 1.0, -1.3962635136977043e-7, 5.2386894822120669e-8, 1.396263371589157e-7, 1.0, -10.78790283203125, 0.020000457763671876, -1.0716552734375],
            [-0.258819043636322, -1.5707965417277593e-7, 0.9659258723258972, 9.421348323712664e-8, 1.0, 1.878652540199255e-7, -0.9659258723258972, 1.396263371589157e-7, -0.258819043636322, -28.0921630859375, 1.1999626159667969, -13.0218505859375],
            [1.0, 0.0, 0.0, 0.0, 1.0, 0.0, 0.0, 0.0, 1.0, -13.760009765625, 0.0, -1.893798828125],
            [0.7313537001609802, -2.1010572481827695e-7, -0.6819984316825867, 1.570796399619212e-7, 1.0, -1.3962635136977043e-7, 0.6819984316825867, -5.011827397538582e-9, 0.7313537001609802, -17.09686279296875, 0.020000457763671876, -0.509765625],
            [0.9975639581680298, 2.1071689104701364e-7, 0.06975629925727844, -0.033818695694208148, 0.8746196627616882, 0.48362860083580019, -0.06101012974977493, -0.4848095774650574, 0.8724892139434815, -22.05914306640625, 0.4528331756591797, -2.186279296875],
            [-0.2588191032409668, 0.0, 0.9659258723258972, 0.0, 1.0, 0.0, -0.9659258723258972, 0.0, -0.2588191032409668, -24.76751708984375, 0.000003814697265625, -17.516357421875],
            [-0.26723840832710268, 9.061385952691126e-8, 0.9636304974555969, 3.934751191536634e-7, 1.0, 1.5086477844761249e-8, -0.9636304974555969, 3.8319626582961066e-7, -0.26723840832710268, -24.19384765625, 0.019964218139648439, -25.7548828125],
            [-0.258819043636322, -1.5707965417277593e-7, 0.9659258723258972, 9.421348323712664e-8, 1.0, 1.878652540199255e-7, -0.9659258723258972, 1.396263371589157e-7, -0.258819043636322, -26.48974609375, 0.0201263427734375, -18.871337890625],
            [-1.0, -3.8941439584050388e-7, -8.731149137020111e-8, -3.8941436741879445e-7, 1.0, -3.894144242622133e-7, 8.731149137020111e-8, -3.8941436741879445e-7, -1.0, -6.07989501953125, 0.6399974822998047, -17.2801513671875],
            [1.0, -1.5707965417277593e-7, -5.2386894822120669e-8, 1.570796399619212e-7, 1.0, -1.3962635136977043e-7, 5.2386894822120669e-8, 1.396263371589157e-7, 1.0, -11.33087158203125, 1.2000007629394532, 0.1280517578125],
            [-0.258819043636322, 8.726643585532656e-8, 0.9659258723258972, 3.934751191536634e-7, 1.0, 1.5086477844761249e-8, -0.9659258723258972, 3.8397243429244556e-7, -0.258819043636322, -25.0535888671875, 0.0023059844970703127, -25.257568359375],
            [8.614733815193177e-9, 1.396263371589157e-7, 1.0, 1.570796399619212e-7, 1.0, -1.3962635136977043e-7, -1.0, 1.5707965417277593e-7, 8.614733815193177e-9, -20.6903076171875, 0.0, -0.4234619140625],
            [-0.008727806620299816, -9.170639714284334e-7, -0.9999619126319885, 1.536808866831052e-7, 1.0, -9.184402642858913e-7, 0.9999619126319885, -1.616910054735854e-7, -0.008727806620299816, -1.9315185546875, 0.019998550415039064, -0.3505859375],
            [1.0, -1.5707965417277593e-7, -5.2386894822120669e-8, 1.570796399619212e-7, 1.0, -1.3962635136977043e-7, 5.2386894822120669e-8, 1.396263371589157e-7, 1.0, -1.624267578125, 1.2195205688476563, 0.1590576171875],
            [0.5075384378433228, 4.058217228930516e-8, 0.861629068851471, 1.570796399619212e-7, 1.0, -1.3962635136977043e-7, -0.861629068851471, 2.0621013163690805e-7, 0.5075384378433228, -8.8968505859375, 0.019998550415039064, -0.7864990234375],
            [-0.258819043636322, -1.5707965417277593e-7, 0.9659258723258972, 9.421348323712664e-8, 1.0, 1.878652540199255e-7, -0.9659258723258972, 1.396263371589157e-7, -0.258819043636322, -27.926513671875, 1.1999626159667969, -13.639892578125],
            [-0.258819043636322, 8.726643585532656e-8, 0.9659258723258972, 3.934751191536634e-7, 1.0, 1.5086477844761249e-8, -0.9659258723258972, 3.8397243429244556e-7, -0.258819043636322, -24.94873046875, 1.1999645233154297, -24.7530517578125],
            [1.0, -1.5707965417277593e-7, -5.2386894822120669e-8, 1.570796399619212e-7, 1.0, -1.3962635136977043e-7, 5.2386894822120669e-8, 1.396263371589157e-7, 1.0, -19.65087890625, 1.2000007629394532, 0.1280517578125],
            [-0.49999991059303286, -5.2171600373185359e-8, 0.8660255670547485, -1.9470714107683308e-7, 1.0, -5.2171603925899038e-8, -0.8660255670547485, -1.9470714107683308e-7, -0.49999991059303286, -21.12005615234375, 0.0, -7.6800537109375],
            [-1.0, -3.8941439584050388e-7, -8.731149137020111e-8, -3.8941436741879445e-7, 1.0, -3.894144242622133e-7, 8.731149137020111e-8, -3.8941436741879445e-7, -1.0, -3.19989013671875, 0.0, -17.2801513671875],
            [0.8433913588523865, 6.064320245968702e-7, 0.5372997522354126, -3.532789492055599e-7, 1.0, -5.741294444305822e-7, -0.5372997522354126, 2.9439911486406347e-7, 0.8433913588523865, -23.87347412109375, -0.00211334228515625, -3.358154296875],
            [0.10452870279550553, 2.187544652088036e-7, 0.9945218563079834, -0.4821537733078003, 0.8746196627616882, 0.05067633092403412, -0.869828462600708, -0.4848095774650574, 0.09142296761274338, -26.67974853515625, 0.45282936096191409, -7.650146484375],
            [0.8094953894615173, 0.5761813521385193, 0.11283747851848602, -0.5812007188796997, 0.813623309135437, 0.014929414726793766, -0.08320512622594834, -0.0776665061712265, 0.9935013651847839, -27.5360107421875, 0.019969940185546876, -14.3656005859375],
            [-0.7071067094802856, -6.647719601460267e-7, -0.7071068286895752, -2.7535750746210399e-7, 1.0, -6.647720169894455e-7, 0.7071068286895752, -2.7535750746210399e-7, -0.7071067094802856, -24.91485595703125, 0.040721893310546878, -2.2974853515625],
            [-0.258819043636322, 8.726643585532656e-8, 0.9659258723258972, 3.934751191536634e-7, 1.0, 1.5086477844761249e-8, -0.9659258723258972, 3.8397243429244556e-7, -0.258819043636322, -24.8907470703125, 1.2194862365722657, -25.08935546875],
            [-1.0, 5.464939931698609e-7, 1.3969838619232179e-7, 5.464940500132798e-7, 1.0, 2.4978797341645988e-7, -1.3969838619232179e-7, 2.497880302598787e-7, -1.0, -18.18475341796875, 0.0, -1.3009033203125],
            [1.0, -1.5707965417277593e-7, -5.2386894822120669e-8, 1.570796399619212e-7, 1.0, -1.3962635136977043e-7, 5.2386894822120669e-8, 1.396263371589157e-7, 1.0, -1.28424072265625, 1.1999988555908204, 0.1280517578125],
            [-1.0, -3.8941439584050388e-7, -8.731149137020111e-8, -3.8941436741879445e-7, 1.0, -3.894144242622133e-7, 8.731149137020111e-8, -3.8941436741879445e-7, -1.0, -6.07989501953125, -0.0000019073486328125, -17.2801513671875],
            [-4.377216100692749e-8, -5.235987998730707e-8, 1.0, -2.2898349882893855e-15, 1.0, 5.2359883540020749e-8, -1.0, 0.0, -4.377216100692749e-8, -21.12005615234375, 0.0, -7.6800537109375],
            [-0.49999991059303286, -5.2171600373185359e-8, 0.8660255670547485, -1.9470714107683308e-7, 1.0, -5.2171603925899038e-8, -0.8660255670547485, -1.9470714107683308e-7, -0.49999991059303286, -21.12005615234375, 0.0, -7.6800537109375],
            [-0.258819043636322, 8.726643585532656e-8, 0.9659258723258972, 3.934751191536634e-7, 1.0, 1.5086477844761249e-8, -0.9659258723258972, 3.8397243429244556e-7, -0.258819043636322, -24.2379150390625, 0.019964218139648439, -24.4866943359375],
            [-0.2588191032409668, 0.0, 0.9659258723258972, 0.0, 1.0, 0.0, -0.9659258723258972, 0.0, -0.2588191032409668, -23.5252685546875, 0.000003814697265625, -22.152587890625],
            [-0.258819043636322, 8.726643585532656e-8, 0.9659258723258972, 3.934751191536634e-7, 1.0, 1.5086477844761249e-8, -0.9659258723258972, 3.8397243429244556e-7, -0.258819043636322, -24.2255859375, -0.0000362396240234375, -24.6614990234375],
            [0.8338857889175415, -3.3644010954958505e-7, 0.5519370436668396, 3.934751191536634e-7, 1.0, 1.5086477844761249e-8, -0.5519370436668396, 2.045930784788652e-7, 0.8338857889175415, -24.75860595703125, -0.03360176086425781, -24.1717529296875],
            [1.0, -1.5707965417277593e-7, -5.2386894822120669e-8, 1.570796399619212e-7, 1.0, -1.3962635136977043e-7, 5.2386894822120669e-8, 1.396263371589157e-7, 1.0, -12.61090087890625, 1.2000007629394532, 0.1280517578125],
            [1.0, -1.5707965417277593e-7, -5.2386894822120669e-8, 1.570796399619212e-7, 1.0, -1.3962635136977043e-7, 5.2386894822120669e-8, 1.396263371589157e-7, 1.0, -2.6533203125, 0.019998550415039064, -0.21240234375],
            [0.3007040023803711, 5.145412274032424e-7, 0.9537175893783569, -3.1489651064475768e-7, 1.0, -4.402253637181275e-7, -0.9537175893783569, -1.6794479051895906e-7, 0.3007040023803711, -26.00726318359375, -0.002117156982421875, -6.13916015625],
            [0.258819043636322, -3.8397243429244556e-7, -0.9659258723258972, 9.937937761606008e-8, 1.0, -3.708888982600911e-7, 0.9659258723258972, 0.0, 0.258819043636322, -10.04608154296875, 0.0000400543212890625, -20.528564453125],
            [-0.8660253882408142, -1.9470715528768779e-7, 0.5000000596046448, -3.3724273862389966e-7, 1.0, -1.947071694985425e-7, -0.5000000596046448, -3.3724273862389966e-7, -0.8660253882408142, -21.12005615234375, 0.0, -7.6800537109375],
            [1.0, -1.5707965417277593e-7, -5.2386894822120669e-8, 1.570796399619212e-7, 1.0, -1.3962635136977043e-7, 5.2386894822120669e-8, 1.396263371589157e-7, 1.0, -18.4678955078125, 0.020000457763671876, -1.0716552734375],
            [1.0, -1.5707965417277593e-7, -5.2386894822120669e-8, 1.570796399619212e-7, 1.0, -1.3962635136977043e-7, 5.2386894822120669e-8, 1.396263371589157e-7, 1.0, -10.5909423828125, 1.2000007629394532, 0.1280517578125],
            [-0.2588191032409668, 0.0, 0.9659258723258972, 0.0, 1.0, 0.0, -0.9659258723258972, 0.0, -0.2588191032409668, -24.76751708984375, 0.000003814697265625, -17.516357421875],
            [-0.258819043636322, -1.5707965417277593e-7, 0.9659258723258972, 9.421348323712664e-8, 1.0, 1.878652540199255e-7, -0.9659258723258972, 1.396263371589157e-7, -0.258819043636322, -26.06158447265625, 0.019960403442382814, -19.2843017578125],
            [1.0, -1.5707965417277593e-7, -5.2386894822120669e-8, 1.570796399619212e-7, 1.0, -1.3962635136977043e-7, 5.2386894822120669e-8, 1.396263371589157e-7, 1.0, -19.35089111328125, 1.219522476196289, 0.1590576171875],
            [-0.258819043636322, -1.5707965417277593e-7, 0.9659258723258972, 9.421348323712664e-8, 1.0, 1.878652540199255e-7, -0.9659258723258972, 1.396263371589157e-7, -0.258819043636322, -26.41351318359375, 1.199960708618164, -19.2864990234375],
            [-0.258819043636322, 8.726643585532656e-8, 0.9659258723258972, 3.934751191536634e-7, 1.0, 1.5086477844761249e-8, -0.9659258723258972, 3.8397243429244556e-7, -0.258819043636322, -25.45965576171875, 0.006603240966796875, -23.773193359375],
            [-1.0, -3.8941439584050388e-7, -8.731149137020111e-8, -3.8941436741879445e-7, 1.0, -3.894144242622133e-7, 8.731149137020111e-8, -3.8941436741879445e-7, -1.0, -3.19989013671875, 0.6399993896484375, -17.2801513671875],
            [-1.0, 5.464939931698609e-7, 1.3969838619232179e-7, 5.464940500132798e-7, 1.0, 2.4978797341645988e-7, -1.3969838619232179e-7, 2.497880302598787e-7, -1.0, -10.3314208984375, 0.0, -0.69140625],
            [0.24192188680171967, 5.421106834546663e-7, -0.970295786857605, -3.761398090773582e-7, 1.0, 4.649245113341749e-7, 0.970295786857605, 2.5249138957406105e-7, 0.24192188680171967, -26.3802490234375, 0.019962310791015626, -15.25634765625],
            [-0.9641652703285217, -0.24973474442958833, 0.0895429477095604, -0.26402994990348818, 0.936253011226654, -0.23177258670330048, -0.02595319040119648, -0.247109055519104, -0.9686400890350342, -26.47705078125, -0.12195777893066406, -19.452880859375],
            [1.0, -1.5707965417277593e-7, -5.2386894822120669e-8, 1.570796399619212e-7, 1.0, -1.3962635136977043e-7, 5.2386894822120669e-8, 1.396263371589157e-7, 1.0, -11.6708984375, 1.219522476196289, 0.1590576171875],
            [0.7313537001609802, -2.1010572481827695e-7, -0.6819984316825867, 1.570796399619212e-7, 1.0, -1.3962635136977043e-7, 0.6819984316825867, -5.011827397538582e-9, 0.7313537001609802, -9.4168701171875, 0.020000457763671876, -0.509765625],
            [-0.10052022337913513, 0.5761813521385193, -0.8111170530319214, 0.1648465245962143, 0.813623309135437, 0.5575326681137085, 0.981183648109436, -0.0776665061712265, -0.17676711082458497, -10.96087646484375, 0.020008087158203126, -0.061279296875],
            [0.719339907169342, 7.786523497088638e-7, -0.6946583390235901, -6.695357228636567e-7, 1.0, 4.2758952645272077e-7, 0.6946583390235901, 1.575162826839005e-7, 0.719339907169342, -27.6845703125, 0.05573272705078125, -5.8509521484375],
            [8.614733815193177e-9, 1.396263371589157e-7, 1.0, 1.570796399619212e-7, 1.0, -1.3962635136977043e-7, -1.0, 1.5707965417277593e-7, 8.614733815193177e-9, -12.40087890625, 0.0, -0.5968017578125],
            [-0.258819043636322, -1.5707965417277593e-7, 0.9659258723258972, 9.421348323712664e-8, 1.0, 1.878652540199255e-7, -0.9659258723258972, 1.396263371589157e-7, -0.258819043636322, -26.287353515625, -0.0000400543212890625, -17.5732421875],
            [0.7489557862281799, -2.512648933361561e-8, 0.6626200675964356, 1.570796399619212e-7, 1.0, -1.3962635136977043e-7, -0.6626200675964356, 2.086580650484393e-7, 0.7489557862281799, -11.37225341796875, 0.020000457763671876, -0.328857421875],
            [1.0, 0.0, 0.0, 0.0, 1.0, -4.712389056749089e-7, 0.0, 4.712389056749089e-7, 1.0, -0.31982421875, 0.000003814697265625, 0.079833984375],
            [-0.7071067094802856, -1.838879768456536e-7, 0.7071068286895752, -4.4394491283128448e-7, 1.0, -1.8388799105650833e-7, -0.7071068286895752, -4.43944884409575e-7, -0.7071067094802856, -21.12005615234375, 0.0, -7.6800537109375],
            [-4.377216100692749e-8, -1.570796399619212e-7, 1.0, -6.8833827526759709e-15, 1.0, 1.570796257510665e-7, -1.0, 0.0, -4.377216100692749e-8, -27.76171875, 0.040721893310546878, -4.4390869140625],
            [0.6087612509727478, 7.216382869046356e-7, 0.7933534383773804, -3.71871095694587e-7, 1.0, -6.242584618121327e-7, -0.7933534383773804, 8.499910109094344e-8, 0.6087612509727478, -25.18572998046875, -0.0021152496337890627, -4.560546875],
            [-0.25881871581077578, -5.226016810411238e-7, 0.9659259915351868, -4.7103088718358779e-7, 1.0, 4.148248820001754e-7, -0.9659259915351868, -3.476164920357405e-7, -0.25881871581077578, -21.12005615234375, 0.0, -7.6800537109375],
            [-1.0, -3.8941439584050388e-7, -8.731149137020111e-8, -3.8941436741879445e-7, 1.0, -3.894144242622133e-7, 8.731149137020111e-8, -3.8941436741879445e-7, -1.0, -21.12005615234375, 0.0, -7.6800537109375],
            [0.3007040023803711, 5.145412274032424e-7, 0.9537175893783569, -3.1489651064475768e-7, 1.0, -4.402253637181275e-7, -0.9537175893783569, -1.6794479051895906e-7, 0.3007040023803711, -26.00726318359375, -0.002117156982421875, -6.13916015625],
            [-0.258819043636322, -1.5707965417277593e-7, 0.9659258723258972, 9.421348323712664e-8, 1.0, 1.878652540199255e-7, -0.9659258723258972, 1.396263371589157e-7, -0.258819043636322, -26.686767578125, 1.219482421875, -18.386474609375],
            [-4.377216100692749e-8, -4.712389056749089e-7, -1.0, -2.0650148258027913e-14, 1.0, -4.712389056749089e-7, 1.0, 0.0, -4.377216100692749e-8, -0.31976318359375, 0.000003814697265625, -0.960205078125],
            [1.0, -1.5707965417277593e-7, -5.2386894822120669e-8, 1.570796399619212e-7, 1.0, -1.3962635136977043e-7, 5.2386894822120669e-8, 1.396263371589157e-7, 1.0, -10.15863037109375, 1.2000007629394532, 0.1280517578125],
            [0.258819043636322, -3.8397243429244556e-7, -0.9659258723258972, 9.937937761606008e-8, 1.0, -3.708888982600911e-7, 0.9659258723258972, 0.0, 0.258819043636322, -7.67388916015625, 0.00003814697265625, -21.9635009765625],
            [-0.043619100004434589, 2.3878919819253499e-7, 0.9990482330322266, 2.738550719527666e-8, 1.0, -2.3782104108249769e-7, -0.9990482330322266, 1.6985902462351988e-8, -0.043619100004434589, -26.23968505859375, -0.0020732879638671877, -7.90380859375],
            [-0.043619100004434589, 2.3878919819253499e-7, 0.9990482330322266, 2.738550719527666e-8, 1.0, -2.3782104108249769e-7, -0.9990482330322266, 1.6985902462351988e-8, -0.043619100004434589, -26.18035888671875, -0.0020732879638671877, -7.901123046875],
            [-0.258819043636322, 8.726643585532656e-8, 0.9659258723258972, 3.934751191536634e-7, 1.0, 1.5086477844761249e-8, -0.9659258723258972, 3.8397243429244556e-7, -0.258819043636322, -24.61749267578125, 1.1999645233154297, -25.9893798828125],
            [-0.9659258723258972, 1.396263371589157e-7, -0.2588190734386444, 9.421348323712664e-8, 1.0, 1.878652540199255e-7, 0.2588190734386444, 1.5707965417277593e-7, -0.9659258723258972, -26.64605712890625, -0.00003814697265625, -15.6180419921875],
            [1.0, -1.5707965417277593e-7, -5.2386894822120669e-8, 1.570796399619212e-7, 1.0, -1.3962635136977043e-7, 5.2386894822120669e-8, 1.396263371589157e-7, 1.0, -2.1435546875, 0.02016448974609375, 0.09423828125],
            [-0.258819043636322, -1.5707965417277593e-7, 0.9659258723258972, 9.421348323712664e-8, 1.0, 1.878652540199255e-7, -0.9659258723258972, 1.396263371589157e-7, -0.258819043636322, -26.5791015625, 1.199960708618164, -18.668212890625],
            [1.0, -1.5707965417277593e-7, -5.2386894822120669e-8, 1.570796399619212e-7, 1.0, -1.3962635136977043e-7, 5.2386894822120669e-8, 1.396263371589157e-7, 1.0, -9.858642578125, 1.219522476196289, 0.1590576171875],
            [-0.9659258723258972, 1.396263371589157e-7, -0.2588190734386444, 9.421348323712664e-8, 1.0, 1.878652540199255e-7, 0.2588190734386444, 1.5707965417277593e-7, -0.9659258723258972, -25.7764892578125, -0.0000400543212890625, -18.94189453125],
            [-0.965925931930542, -2.886265804136201e-7, 0.2588188946247101, -3.7614543657582546e-7, 1.0, -2.886265804136201e-7, -0.2588188946247101, -3.76145408154116e-7, -0.965925931930542, -21.12005615234375, 0.0, -7.6800537109375],
            [-0.258819043636322, -1.5707965417277593e-7, 0.9659258723258972, 9.421348323712664e-8, 1.0, 1.878652540199255e-7, -0.9659258723258972, 1.396263371589157e-7, -0.258819043636322, -27.5650634765625, 1.2194843292236329, -15.1085205078125],
            [0.3007040023803711, 5.145412274032424e-7, 0.9537175893783569, -3.1489651064475768e-7, 1.0, -4.402253637181275e-7, -0.9537175893783569, -1.6794479051895906e-7, 0.3007040023803711, -26.00726318359375, 3.1178855895996095, -6.13916015625],
            [-0.258819043636322, -1.5707965417277593e-7, 0.9659258723258972, 9.421348323712664e-8, 1.0, 1.878652540199255e-7, -0.9659258723258972, 1.396263371589157e-7, -0.258819043636322, -26.6048583984375, 0.019962310791015626, -13.9371337890625],
            [0.4694715738296509, -2.1010572481827695e-7, 0.8829476833343506, 9.421348323712664e-8, 1.0, 1.878652540199255e-7, -0.8829476833343506, -5.011827397538582e-9, 0.4694715738296509, -27.50250244140625, 0.019962310791015626, -12.75830078125],
            [-4.377216100692749e-8, -1.570796399619212e-7, 1.0, -6.8833827526759709e-15, 1.0, 1.570796257510665e-7, -1.0, 0.0, -4.377216100692749e-8, -28.016845703125, 0.0066280364990234379, -5.2867431640625],
            [-0.9636304974555969, 4.058217228930516e-8, 0.26723843812942507, 9.421348323712664e-8, 1.0, 1.878652540199255e-7, -0.26723843812942507, 2.0621013163690805e-7, -0.9636304974555969, -27.3697509765625, 0.019960403442382814, -12.184326171875],
            [1.0, -1.5707965417277593e-7, -5.2386894822120669e-8, 1.570796399619212e-7, 1.0, -1.3962635136977043e-7, 5.2386894822120669e-8, 1.396263371589157e-7, 1.0, -19.01080322265625, 1.2000007629394532, 0.1280517578125],
            [1.0, -1.5707965417277593e-7, -5.2386894822120669e-8, 1.570796399619212e-7, 1.0, -1.3962635136977043e-7, 5.2386894822120669e-8, 1.396263371589157e-7, 1.0, -16.4586181640625, 1.2000007629394532, 0.1280517578125],
            [-0.25881895422935488, -2.9516741051338614e-8, 0.965925931930542, -2.24202310050714e-7, 1.0, -2.9516741051338614e-8, -0.965925931930542, -2.24202310050714e-7, -0.25881895422935488, -21.12005615234375, 0.0, -7.6800537109375],
            [-1.0, -3.8941439584050388e-7, -8.731149137020111e-8, -3.8941436741879445e-7, 1.0, -3.894144242622133e-7, 8.731149137020111e-8, -3.8941436741879445e-7, -1.0, -21.12005615234375, 0.0, -7.6800537109375],
            [-0.7071067094802856, -6.647719601460267e-7, -0.7071068286895752, -2.7535750746210399e-7, 1.0, -6.647720169894455e-7, 0.7071068286895752, -2.7535750746210399e-7, -0.7071067094802856, -24.11407470703125, 0.0007228851318359375, -1.571044921875],
            [1.0, -1.5707965417277593e-7, -5.2386894822120669e-8, 1.570796399619212e-7, 1.0, -1.3962635136977043e-7, 5.2386894822120669e-8, 1.396263371589157e-7, 1.0, -1.76934814453125, 0.019998550415039064, -0.716064453125],
            [1.0, -1.5707965417277593e-7, -5.2386894822120669e-8, 1.570796399619212e-7, 1.0, -1.3962635136977043e-7, 5.2386894822120669e-8, 1.396263371589157e-7, 1.0, -11.97088623046875, 1.2000007629394532, 0.1280517578125],
            [-0.833885908126831, -2.512648933361561e-8, 0.5519370436668396, 9.421348323712664e-8, 1.0, 1.878652540199255e-7, -0.5519370436668396, 2.086580650484393e-7, -0.833885908126831, -27.1710205078125, 0.019962310791015626, -14.6937255859375],
            [-0.6988455653190613, -0.5131217241287231, -0.49831825494766238, -0.19361093640327454, 0.806377649307251, -0.5588111281394959, 0.6885708570480347, -0.2940427362918854, -0.6628793478012085, -24.8165283203125, -0.13210296630859376, -24.548583984375],
            [0.8433913588523865, 6.064320245968702e-7, 0.5372997522354126, -3.532789492055599e-7, 1.0, -5.741294444305822e-7, -0.5372997522354126, 2.9439911486406347e-7, 0.8433913588523865, -23.87347412109375, -0.00211334228515625, -3.358154296875],
            [-0.8266485929489136, -0.09268784523010254, 0.5550326704978943, -0.35288214683532717, 0.8536845445632935, -0.3830104172229767, -0.4383223354816437, -0.5124760270118713, -0.7384049892425537, -26.64111328125, -0.14892196655273438, -18.3109130859375],
            [0.6087612509727478, 7.216382869046356e-7, 0.7933534383773804, -3.71871095694587e-7, 1.0, -6.242584618121327e-7, -0.7933534383773804, 8.499910109094344e-8, 0.6087612509727478, -25.18572998046875, -0.0021152496337890627, -4.560546875],
            [0.7489557862281799, -2.512648933361561e-8, 0.6626200675964356, 1.570796399619212e-7, 1.0, -1.3962635136977043e-7, -0.6626200675964356, 2.086580650484393e-7, 0.7489557862281799, -19.05224609375, 0.020000457763671876, -0.3289794921875],
            [-0.965925931930542, -2.886265804136201e-7, 0.2588188946247101, -3.7614543657582546e-7, 1.0, -2.886265804136201e-7, -0.2588188946247101, -3.76145408154116e-7, -0.965925931930542, -21.12005615234375, 0.0, -7.6800537109375],
            [1.0, -1.5707965417277593e-7, -5.2386894822120669e-8, 1.570796399619212e-7, 1.0, -1.3962635136977043e-7, 5.2386894822120669e-8, 1.396263371589157e-7, 1.0, -1.92425537109375, 1.1999988555908204, 0.1280517578125],
            [-0.2588191032409668, 0.0, 0.9659258723258972, 0.0, 1.0, 0.0, -0.9659258723258972, 0.0, -0.2588191032409668, -23.5252685546875, 0.000003814697265625, -22.152587890625],
            [1.0, 0.0, 0.0, 0.0, 1.0, 0.0, 0.0, 0.0, 1.0, -17.60003662109375, 0.0, -1.893798828125],
            [-0.258819043636322, -1.5707965417277593e-7, 0.9659258723258972, 9.421348323712664e-8, 1.0, 1.878652540199255e-7, -0.9659258723258972, 1.396263371589157e-7, -0.258819043636322, -26.19476318359375, 0.019960403442382814, -17.80322265625],
            [-0.258819043636322, -1.5707965417277593e-7, 0.9659258723258972, 9.421348323712664e-8, 1.0, 1.878652540199255e-7, -0.9659258723258972, 1.396263371589157e-7, -0.258819043636322, -27.29180908203125, 1.1999626159667969, -16.008544921875],
            [-0.258819043636322, 8.726643585532656e-8, 0.9659258723258972, 3.934751191536634e-7, 1.0, 1.5086477844761249e-8, -0.9659258723258972, 3.8397243429244556e-7, -0.258819043636322, -25.17022705078125, 1.2232742309570313, -24.046142578125],
            [-0.9659258723258972, 8.742279788975793e-8, -0.25881901383399966, 1.8523179790008727e-7, 1.0, -3.5351874316802425e-7, 0.25881901383399966, -3.8941436741879445e-7, -0.9659258723258972, -24.365234375, 0.00003814697265625, -26.43603515625],
            [0.7994534373283386, -0.10452877730131149, 0.5915640592575073, 0.08402632176876068, 0.9945218563079834, 0.062175896018743518, -0.5948225259780884, 2.1552384055212316e-7, 0.803857147693634, -24.58349609375, -0.03532981872558594, -23.64453125],
            [0.9681479930877686, -9.170639714284334e-7, 0.25037881731987, 8.473696198052494e-7, 1.0, 3.861542268168705e-7, -0.25037881731987, -1.616910054735854e-7, 0.9681479930877686, -26.11492919921875, 0.019960403442382814, -18.55126953125],
            [-0.258819043636322, 8.726643585532656e-8, 0.9659258723258972, 3.934751191536634e-7, 1.0, 1.5086477844761249e-8, -0.9659258723258972, 3.8397243429244556e-7, -0.258819043636322, -24.7830810546875, 1.1999645233154297, -25.3712158203125],
            [1.0, -1.5707965417277593e-7, -5.2386894822120669e-8, 1.570796399619212e-7, 1.0, -1.3962635136977043e-7, 5.2386894822120669e-8, 1.396263371589157e-7, 1.0, -2.56427001953125, 1.1999988555908204, 0.1280517578125],
            [1.0, 0.0, 0.0, 0.0, 1.0, 0.0, 0.0, 0.0, 1.0, -8.15997314453125, 3.8400020599365236, -1.60009765625],
            [1.0, -1.5707965417277593e-7, -5.2386894822120669e-8, 1.570796399619212e-7, 1.0, -1.3962635136977043e-7, 5.2386894822120669e-8, 1.396263371589157e-7, 1.0, -8.77850341796875, 1.2233104705810547, 0.1590576171875],
            [1.0, -1.5707965417277593e-7, -5.2386894822120669e-8, 1.570796399619212e-7, 1.0, -1.3962635136977043e-7, 5.2386894822120669e-8, 1.396263371589157e-7, 1.0, -0.5443115234375, 1.1999988555908204, 0.1280517578125],
            [0.25881895422935488, 5.464939931698609e-7, -0.9659258723258972, -3.827197474493005e-7, 1.0, 4.632228183254483e-7, 0.9659258723258972, 2.497880302598787e-7, 0.25881895422935488, -27.09033203125, -0.00003814697265625, -13.5947265625],
            [-0.258819043636322, -1.5707965417277593e-7, 0.9659258723258972, 9.421348323712664e-8, 1.0, 1.878652540199255e-7, -0.9659258723258972, 1.396263371589157e-7, -0.258819043636322, -26.96624755859375, 1.2232704162597657, -17.34326171875],
            [-0.36650094389915469, -8.240733677666867e-7, -0.9304177165031433, 1.4358880306986066e-8, 1.0, -8.913587521419686e-7, 0.9304177165031433, -3.4004358440142826e-7, -0.36650094389915469, -19.4766845703125, 0.020000457763671876, -0.4451904296875],
            [-4.377216100692749e-8, -5.235987998730707e-8, 1.0, -2.2898349882893855e-15, 1.0, 5.2359883540020749e-8, -1.0, 0.0, -4.377216100692749e-8, -21.12005615234375, 0.0, -7.6800537109375],
            [-0.25881871581077578, -5.226016810411238e-7, 0.9659259915351868, -4.7103088718358779e-7, 1.0, 4.148248820001754e-7, -0.9659259915351868, -3.476164920357405e-7, -0.25881871581077578, -21.12005615234375, 0.0, -7.6800537109375],
            [-0.9998477697372437, 5.421106834546663e-7, 0.017452474683523179, 5.464347054839891e-7, 1.0, 2.4299177425746168e-7, -0.017452474683523179, 2.5249138957406105e-7, -0.9998477697372437, -19.80035400390625, 0.020000457763671876, -0.9471435546875],
            [1.0, -1.5707965417277593e-7, -5.2386894822120669e-8, 1.570796399619212e-7, 1.0, -1.3962635136977043e-7, 5.2386894822120669e-8, 1.396263371589157e-7, 1.0, -9.5185546875, 1.2000007629394532, 0.1280517578125],
            [0.33603623509407046, -0.24973474442958833, 0.9081367254257202, -0.1555391401052475, 0.936253011226654, 0.31502050161361697, -0.9289172887802124, -0.247109055519104, 0.2757713794708252, -2.7086181640625, -0.12191963195800781, 0.2325439453125],
            [1.0, -1.5707965417277593e-7, -5.2386894822120669e-8, 1.570796399619212e-7, 1.0, -1.3962635136977043e-7, 5.2386894822120669e-8, 1.396263371589157e-7, 1.0, -10.5908203125, 1.2233104705810547, 0.1590576171875],
            [1.0, 0.0, 0.0, 0.0, 1.0, 0.0, 0.0, 0.0, 1.0, -17.60003662109375, 0.0, -1.893798828125],
            [0.9381458163261414, -0.12335456162691117, -0.32352155447006228, 0.2182389497756958, 0.9360722303390503, 0.27593564987182619, 0.26880162954330447, -0.3294728398323059, 0.9050930142402649, -0.58203125, -0.04582977294921875, 0.063232421875],
